Category: Online Communities
TOP
facebook,100
twitter,25
linkedin,9
login facebook,7
wallpaper,7
youtube,6
chat,5
instagram,5
gif,5
descargar,5
يوتيوب,4
google,4
whatsapp,3
icon,3
background,3
meet,3
onet,2
одноклассники,2
youtube video,2
facebook download,2
images,2
mynet,2
facebook marketplace,2
facebook video download,2
meet google,2

RISING
tiranga game,"+4,750%"
tiranga login,"+2,450%"
nothing phone 2a,"+1,600%"
feliz año nuevo 2024,"+1,150%"
woman of the hour,+900%
tiranga,+750%
the watchers,+750%
owala,+500%
чат гпт,+450%
teddy riner,+450%
ekinerja bkn,+300%
x twitter,+250%
gg dich,+250%
чат gpt,+190%
shbet,+160%
f8bet,+160%
chat got,+150%
hi88,+140%
new88,+140%
sss facebook,+120%
russian girl,+110%
bate papo uol,+100%
kuromi,+80%
españa alemania,+80%
ashley madison,+70%

